v 0 0 0 100
v 1 1 0 100
v 2 2 0 100
v 3 3 0 100
v 4 4 0 100
v 5 5 0 100
v 6 6 0 100
v 7 7 0 100
v 8 8 0 100
v 9 9 0 100
v 10 10 0 100
v 11 11 0 100
v 12 12 0 100
v 13 13 0 100
v 14 14 0 100
v 15 15 0 100
v 16 16 0 100
v 17 17 0 100
v 18 18 0 100
v 19 19 0 100
v 20 20 0 100
v 21 21 0 100
v 22 22 0 100
v 23 23 0 100
v 24 24 0 100
v 25 25 0 100
v 26 26 0 100
v 27 27 0 100
v 28 28 0 100
v 29 29 0 100
v 30 30 0 100
v 31 31 0 100
v 32 32 0 100
v 33 33 0 100
v 34 34 0 100
v 35 35 0 100
v 36 36 0 100
v 37 37 0 100
v 38 38 0 100
v 39 39 0 100
v 40 40 0 100
v 41 41 0 100
v 42 42 0 100
v 43 43 0 100
v 44 44 0 100
v 45 45 0 100
v 46 46 0 100
v 47 47 0 100
v 48 48 0 100
v 49 49 0 100
v 50 50 0 100
v 51 51 0 100
v 52 52 0 100
v 53 53 0 100
v 54 54 0 100
v 55 55 0 100
v 56 56 0 100
v 57 57 0 100
v 58 58 0 100
v 59 59 0 100
v 60 60 0 100
v 61 61 0 100
v 62 62 0 100
v 63 63 0 100
v 64 64 0 100
v 65 65 0 100
v 66 66 0 100
v 67 67 0 100
v 68 68 0 100
v 69 69 0 100
v 70 70 0 100
v 71 71 0 100
v 72 72 0 100
v 73 73 0 100
v 74 74 0 100
v 75 75 0 100
v 76 76 0 100
v 77 77 0 100
v 78 78 0 100
v 79 79 0 100
v 80 80 0 100
v 81 81 0 100
v 82 82 0 100
v 83 83 0 100
v 84 84 0 100
v 85 85 0 100
v 86 86 0 100
v 87 87 0 100
v 88 88 0 100
v 89 89 0 100
v 90 90 0 100
v 91 91 0 100
v 92 92 0 100
v 93 93 0 100
v 94 94 0 100
v 95 95 0 100
v 96 96 0 100
v 97 97 0 100
v 98 98 0 100
v 99 99 0 100
v 1 100 0 100
v 101 101 0 100
v 102 102 0 100
v 103 103 0 100
v 104 104 0 100
v 105 105 0 100
v 106 106 0 100
v 107 107 0 100
v 108 108 0 100
v 109 109 0 100
v 110 110 0 100
v 111 111 0 100
v 112 112 0 100
v 113 113 0 100
v 114 114 0 100
v 115 115 0 100
v 116 116 0 100
v 117 117 0 100
v 118 118 0 100
v 119 119 0 100
v 120 120 0 100
v 121 121 0 100
v 122 122 0 100
v 123 123 0 100
v 124 124 0 100
v 125 125 0 100
v 126 126 0 100
v 127 127 0 100
v 128 128 0 100
v 129 129 0 100
v 130 130 0 100
v 131 131 0 100
v 132 132 0 100
v 133 133 0 100
v 134 134 0 100
v 135 135 0 100
v 136 136 0 100
v 137 137 0 100
v 138 138 0 100
v 139 139 0 100
v 140 140 0 100
v 141 141 0 100
v 142 142 0 100
v 143 143 0 100
v 144 144 0 100
v 145 145 0 100
v 146 146 0 100
v 147 147 0 100
v 148 148 0 100
v 149 149 0 100
v 150 150 0 100
v 151 151 0 100
v 152 152 0 100
v 153 153 0 100
v 154 154 0 100
v 155 155 0 100
v 156 156 0 100
v 157 157 0 100
v 158 158 0 100
v 159 159 0 100
v 160 160 0 100
v 161 161 0 100
v 162 162 0 100
v 163 163 0 100
v 164 164 0 100
v 165 165 0 100
v 166 166 0 100
v 167 167 0 100
v 168 168 0 100
v 169 169 0 100
v 170 170 0 100
v 171 171 0 100
v 172 172 0 100
v 173 173 0 100
v 174 174 0 100
v 175 175 0 100
v 176 176 0 100
v 177 177 0 100
v 178 178 0 100
v 179 179 0 100
v 180 180 0 100
v 181 181 0 100
v 182 182 0 100
v 183 183 0 100
v 184 184 0 100
v 185 185 0 100
v 186 186 0 100
v 187 187 0 100
v 188 188 0 100
v 189 189 0 100
v 190 190 0 100
v 191 191 0 100
v 192 192 0 100
v 193 193 0 100
v 194 194 0 100
v 195 195 0 100
v 196 196 0 100
v 197 197 0 100
v 198 198 0 100
v 199 199 0 100
v 200 200 0 100
v 201 201 0 100
v 202 202 0 100
v 203 203 0 100
v 204 204 0 100
v 205 205 0 100
v 206 206 0 100
v 207 207 0 100
v 208 208 0 100
v 209 209 0 100
v 210 210 0 100
v 211 211 0 100
v 212 212 0 100
v 213 213 0 100
v 214 214 0 100
v 215 215 0 100
v 216 216 0 100
v 217 217 0 100
v 218 218 0 100
v 219 219 0 100
v 220 220 0 100
v 221 221 0 100
v 222 222 0 100
v 223 223 0 100
v 224 224 0 100
v 225 225 0 100
v 226 226 0 100
v 227 227 0 100
v 228 228 0 100
v 229 229 0 100
v 230 230 0 100
v 231 231 0 100
v 232 232 0 100
v 233 233 0 100
v 234 234 0 100
v 235 235 0 100
v 236 236 0 100
v 237 237 0 100
v 238 238 0 100
v 239 239 0 100
v 240 240 0 100
v 241 241 0 100
v 242 242 0 100
v 243 243 0 100
v 244 244 0 100
v 245 245 0 100
v 246 246 0 100
v 247 247 0 100
v 248 248 0 100
v 249 249 0 100
v 250 250 0 100
v 251 251 0 100
v 252 252 0 100
v 253 253 0 100
v 254 254 0 100
v 255 255 0 100
v 256 256 0 100
v 257 257 0 100
v 258 258 0 100
v 259 259 0 100
v 260 260 0 100
v 261 261 0 100
v 262 262 0 100
v 263 263 0 100
v 264 264 0 100
v 265 265 0 100
v 266 266 0 100
v 267 267 0 100
v 268 268 0 100
v 269 269 0 100
v 270 270 0 100
v 271 271 0 100
v 272 272 0 100
v 273 273 0 100
v 274 274 0 100
v 275 275 0 100
v 276 276 0 100
v 277 277 0 100
v 278 278 0 100
v 279 279 0 100
v 280 280 0 100
v 281 281 0 100
v 282 282 0 100
v 283 283 0 100
v 284 284 0 100
v 285 285 0 100
v 286 286 0 100
v 287 287 0 100
v 288 288 0 100
v 289 289 0 100
v 290 290 0 100
v 291 291 0 100
v 292 292 0 100
v 293 293 0 100
v 294 294 0 100
v 295 295 0 100
v 296 296 0 100
v 297 297 0 100
v 298 298 0 100
v 299 299 0 100
v 300 300 0 100
v 301 301 0 100
v 302 302 0 100
v 303 303 0 100
v 304 304 0 100
v 305 305 0 100
v 306 306 0 100
v 307 307 0 100
v 308 308 0 100
v 309 309 0 100
v 310 310 0 100
v 311 311 0 100
v 312 312 0 100
v 313 313 0 100
v 314 314 0 100
v 315 315 0 100
v 316 316 0 100
v 317 317 0 100
v 318 318 0 100
v 319 319 0 100
v 320 320 0 100
v 321 321 0 100
v 322 322 0 100
v 323 323 0 100
v 324 324 0 100
v 325 325 0 100
v 326 326 0 100
v 327 327 0 100
v 328 328 0 100
v 329 329 0 100
v 330 330 0 100
v 331 331 0 100
v 332 332 0 100
v 333 333 0 100
v 334 334 0 100
v 335 335 0 100
v 336 336 0 100
v 337 337 0 100
v 338 338 0 100
v 339 339 0 100
v 340 340 0 100
v 341 341 0 100
v 342 342 0 100
v 343 343 0 100
v 344 344 0 100
v 345 345 0 100
v 346 346 0 100
v 347 347 0 100
v 348 348 0 100
v 349 349 0 100
v 350 350 0 100
v 351 351 0 100
v 352 352 0 100
v 353 353 0 100
v 354 354 0 100
v 355 355 0 100
v 356 356 0 100
v 357 357 0 100
v 358 358 0 100
v 359 359 0 100
v 360 360 0 100
v 361 361 0 100
v 362 362 0 100
v 363 363 0 100
v 364 364 0 100
v 365 365 0 100
v 366 366 0 100
v 367 367 0 100
v 368 368 0 100
v 369 369 0 100
v 370 370 0 100
v 371 371 0 100
v 372 372 0 100
v 373 373 0 100
v 374 374 0 100
v 375 375 0 100
v 376 376 0 100
v 377 377 0 100
v 378 378 0 100
v 379 379 0 100
v 380 380 0 100
v 381 381 0 100
v 382 382 0 100
v 383 383 0 100
v 384 384 0 100
v 385 385 0 100
v 386 386 0 100
v 387 387 0 100
v 388 388 0 100
v 389 389 0 100
v 390 390 0 100
v 391 391 0 100
v 392 392 0 100
v 393 393 0 100
v 394 394 0 100
v 395 395 0 100
v 396 396 0 100
v 397 397 0 100
v 398 398 0 100
v 399 399 0 100
v 400 400 0 100
v 401 401 0 100
v 402 402 0 100
v 403 403 0 100
v 404 404 0 100
v 405 405 0 100
v 406 406 0 100
v 407 407 0 100
v 408 408 0 100
v 409 409 0 100
v 410 410 0 100
v 411 411 0 100
v 412 412 0 100
v 413 413 0 100
v 414 414 0 100
v 415 415 0 100
v 416 416 0 100
v 417 417 0 100
v 418 418 0 100
v 419 419 0 100
v 420 420 0 100
v 421 421 0 100
v 422 422 0 100
v 423 423 0 100
v 424 424 0 100
v 425 425 0 100
v 426 426 0 100
v 427 427 0 100
v 428 428 0 100
v 429 429 0 100
v 430 430 0 100
v 431 431 0 100
v 432 432 0 100
v 433 433 0 100
v 434 434 0 100
v 435 435 0 100
v 436 436 0 100
v 437 437 0 100
v 438 438 0 100
v 439 439 0 100
v 440 440 0 100
v 441 441 0 100
v 442 442 0 100
v 443 443 0 100
v 444 444 0 100
v 445 445 0 100
v 446 446 0 100
v 447 447 0 100
v 448 448 0 100
v 449 449 0 100
v 450 450 0 100
v 451 451 0 100
v 452 452 0 100
v 453 453 0 100
v 454 454 0 100
v 455 455 0 100
v 456 456 0 100
v 457 457 0 100
v 458 458 0 100
v 459 459 0 100
v 460 460 0 100
v 461 461 0 100
v 462 462 0 100
v 463 463 0 100
v 464 464 0 100
v 465 465 0 100
v 466 466 0 100
v 467 467 0 100
v 468 468 0 100
v 469 469 0 100
v 470 470 0 100
v 471 471 0 100
v 472 472 0 100
v 473 473 0 100
v 474 474 0 100
v 475 475 0 100
v 476 476 0 100
v 477 477 0 100
v 478 478 0 100
v 479 479 0 100
v 480 480 0 100
v 481 481 0 100
v 482 482 0 100
v 483 483 0 100
v 484 484 0 100
v 485 485 0 100
v 486 486 0 100
v 487 487 0 100
v 488 488 0 100
v 489 489 0 100
v 490 490 0 100
v 491 491 0 100
v 492 492 0 100
v 493 493 0 100
v 494 494 0 100
v 495 495 0 100
v 496 496 0 100
v 497 497 0 100
v 498 498 0 100
v 499 499 0 100
v 500 500 0 100
v 501 501 0 100
v 502 502 0 100
v 503 503 0 100
v 504 504 0 100
v 505 505 0 100
v 506 506 0 100
v 507 507 0 100
v 508 508 0 100
v 509 509 0 100
v 510 510 0 100
v 511 511 0 100
v 512 512 0 100
v 513 513 0 100
v 514 514 0 100
v 515 515 0 100
v 516 516 0 100
v 517 517 0 100
v 518 518 0 100
v 519 519 0 100
v 520 520 0 100
v 521 521 0 100
v 522 522 0 100
v 523 523 0 100
v 524 524 0 100
v 525 525 0 100
v 526 526 0 100
v 527 527 0 100
v 528 528 0 100
v 529 529 0 100
v 530 530 0 100
v 531 531 0 100
v 532 532 0 100
v 533 533 0 100
v 534 534 0 100
v 535 535 0 100
v 536 536 0 100
v 537 537 0 100
v 538 538 0 100
v 539 539 0 100
v 540 540 0 100
v 541 541 0 100
v 542 542 0 100
v 543 543 0 100
v 544 544 0 100
v 545 545 0 100
v 546 546 0 100
v 547 547 0 100
v 548 548 0 100
v 549 549 0 100
v 550 550 0 100
v 551 551 0 100
v 552 552 0 100
v 553 553 0 100
v 554 554 0 100
v 555 555 0 100
v 556 556 0 100
v 557 557 0 100
v 558 558 0 100
v 559 559 0 100
v 560 560 0 100
v 561 561 0 100
v 562 562 0 100
v 563 563 0 100
v 564 564 0 100
v 565 565 0 100
v 566 566 0 100
v 567 567 0 100
v 568 568 0 100
v 569 569 0 100
v 570 570 0 100
v 571 571 0 100
v 572 572 0 100
v 573 573 0 100
v 574 574 0 100
v 575 575 0 100
v 576 576 0 100
v 577 577 0 100
v 578 578 0 100
v 579 579 0 100
v 580 580 0 100
v 581 581 0 100
v 582 582 0 100
v 583 583 0 100
v 584 584 0 100
v 585 585 0 100
v 586 586 0 100
v 587 587 0 100
v 588 588 0 100
v 589 589 0 100
v 590 590 0 100
v 591 591 0 100
v 592 592 0 100
v 593 593 0 100
v 594 594 0 100
v 595 595 0 100
v 596 596 0 100
v 597 597 0 100
v 598 598 0 100
v 599 599 0 100
v 0 0 1 0
v 1 1 1 1
v 2 2 1 2
v 3 3 1 3
v 4 4 1 4
v 5 5 1 5
v 6 6 1 6
v 7 7 1 7
v 8 8 1 8
v 9 9 1 9
v 10 10 1 10
v 11 11 1 11
v 12 12 1 12
v 13 13 1 13
v 14 14 1 14
v 15 15 1 15
v 16 16 1 16
v 17 17 1 17
v 18 18 1 18
v 19 19 1 19
v 20 20 1 20
v 21 21 1 21
v 22 22 1 22
v 23 23 1 23
v 24 24 1 24
v 25 25 1 25
v 26 26 1 26
v 27 27 1 27
v 28 28 1 28
v 29 29 1 29
v 30 30 1 30
v 31 31 1 31
v 32 32 1 32
v 33 33 1 33
v 34 34 1 34
v 35 35 1 35
v 36 36 1 36
v 37 37 1 37
v 38 38 1 38
v 39 39 1 39
v 40 40 1 40
v 41 41 1 41
v 42 42 1 42
v 43 43 1 43
v 44 44 1 44
v 45 45 1 45
v 46 46 1 46
v 47 47 1 47
v 48 48 1 48
v 49 49 1 49
v 50 50 1 50
v 51 51 1 51
v 52 52 1 52
v 53 53 1 53
v 54 54 1 54
v 55 55 1 55
v 56 56 1 56
v 57 57 1 57
v 58 58 1 58
v 59 59 1 59
v 60 60 1 60
v 61 61 1 61
v 62 62 1 62
v 63 63 1 63
v 64 64 1 64
v 65 65 1 65
v 66 66 1 66
v 67 67 1 67
v 68 68 1 68
v 69 69 1 69
v 70 70 1 70
v 71 71 1 71
v 72 72 1 72
v 73 73 1 73
v 74 74 1 74
v 75 75 1 75
v 76 76 1 76
v 77 77 1 77
v 78 78 1 78
v 79 79 1 79
v 80 80 1 80
v 81 81 1 81
v 82 82 1 82
v 83 83 1 83
v 84 84 1 84
v 85 85 1 85
v 86 86 1 86
v 87 87 1 87
v 88 88 1 88
v 89 89 1 89
v 90 90 1 90
v 91 91 1 91
v 92 92 1 92
v 93 93 1 93
v 94 94 1 94
v 95 95 1 95
v 96 96 1 96
v 97 97 1 97
v 98 98 1 98
v 99 99 1 99
v 1 100 1 0
v 101 101 1 1
v 102 102 1 2
v 103 103 1 3
v 104 104 1 4
v 105 105 1 5
v 106 106 1 6
v 107 107 1 7
v 108 108 1 8
v 109 109 1 9
v 110 110 1 10
v 111 111 1 11
v 112 112 1 12
v 113 113 1 13
v 114 114 1 14
v 115 115 1 15
v 116 116 1 16
v 117 117 1 17
v 118 118 1 18
v 119 119 1 19
v 120 120 1 20
v 121 121 1 21
v 122 122 1 22
v 123 123 1 23
v 124 124 1 24
v 125 125 1 25
v 126 126 1 26
v 127 127 1 27
v 128 128 1 28
v 129 129 1 29
v 130 130 1 30
v 131 131 1 31
v 132 132 1 32
v 133 133 1 33
v 134 134 1 34
v 135 135 1 35
v 136 136 1 36
v 137 137 1 37
v 138 138 1 38
v 139 139 1 39
v 140 140 1 40
v 141 141 1 41
v 142 142 1 42
v 143 143 1 43
v 144 144 1 44
v 145 145 1 45
v 146 146 1 46
v 147 147 1 47
v 148 148 1 48
v 149 149 1 49
v 150 150 1 50
v 151 151 1 51
v 152 152 1 52
v 153 153 1 53
v 154 154 1 54
v 155 155 1 55
v 156 156 1 56
v 157 157 1 57
v 158 158 1 58
v 159 159 1 59
v 160 160 1 60
v 161 161 1 61
v 162 162 1 62
v 163 163 1 63
v 164 164 1 64
v 165 165 1 65
v 166 166 1 66
v 167 167 1 67
v 168 168 1 68
v 169 169 1 69
v 170 170 1 70
v 171 171 1 71
v 172 172 1 72
v 173 173 1 73
v 174 174 1 74
v 175 175 1 75
v 176 176 1 76
v 177 177 1 77
v 178 178 1 78
v 179 179 1 79
v 180 180 1 80
v 181 181 1 81
v 182 182 1 82
v 183 183 1 83
v 184 184 1 84
v 185 185 1 85
v 186 186 1 86
v 187 187 1 87
v 188 188 1 88
v 189 189 1 89
v 190 190 1 90
v 191 191 1 91
v 192 192 1 92
v 193 193 1 93
v 194 194 1 94
v 195 195 1 95
v 196 196 1 96
v 197 197 1 97
v 198 198 1 98
v 199 199 1 99
v 200 200 1 0
v 201 201 1 1
v 202 202 1 2
v 203 203 1 3
v 204 204 1 4
v 205 205 1 5
v 206 206 1 6
v 207 207 1 7
v 208 208 1 8
v 209 209 1 9
v 210 210 1 10
v 211 211 1 11
v 212 212 1 12
v 213 213 1 13
v 214 214 1 14
v 215 215 1 15
v 216 216 1 16
v 217 217 1 17
v 218 218 1 18
v 219 219 1 19
v 220 220 1 20
v 221 221 1 21
v 222 222 1 22
v 223 223 1 23
v 224 224 1 24
v 225 225 1 25
v 226 226 1 26
v 227 227 1 27
v 228 228 1 28
v 229 229 1 29
v 230 230 1 30
v 231 231 1 31
v 232 232 1 32
v 233 233 1 33
v 234 234 1 34
v 235 235 1 35
v 236 236 1 36
v 237 237 1 37
v 238 238 1 38
v 239 239 1 39
v 240 240 1 40
v 241 241 1 41
v 242 242 1 42
v 243 243 1 43
v 244 244 1 44
v 245 245 1 45
v 246 246 1 46
v 247 247 1 47
v 248 248 1 48
v 249 249 1 49
v 250 250 1 50
v 251 251 1 51
v 252 252 1 52
v 253 253 1 53
v 254 254 1 54
v 255 255 1 55
v 256 256 1 56
v 257 257 1 57
v 258 258 1 58
v 259 259 1 59
v 260 260 1 60
v 261 261 1 61
v 262 262 1 62
v 263 263 1 63
v 264 264 1 64
v 265 265 1 65
v 266 266 1 66
v 267 267 1 67
v 268 268 1 68
v 269 269 1 69
v 270 270 1 70
v 271 271 1 71
v 272 272 1 72
v 273 273 1 73
v 274 274 1 74
v 275 275 1 75
v 276 276 1 76
v 277 277 1 77
v 278 278 1 78
v 279 279 1 79
v 280 280 1 80
v 281 281 1 81
v 282 282 1 82
v 283 283 1 83
v 284 284 1 84
v 285 285 1 85
v 286 286 1 86
v 287 287 1 87
v 288 288 1 88
v 289 289 1 89
v 290 290 1 90
v 291 291 1 91
v 292 292 1 92
v 293 293 1 93
v 294 294 1 94
v 295 295 1 95
v 296 296 1 96
v 297 297 1 97
v 298 298 1 98
v 299 299 1 99
v 300 300 1 0
v 301 301 1 1
v 302 302 1 2
v 303 303 1 3
v 304 304 1 4
v 305 305 1 5
v 306 306 1 6
v 307 307 1 7
v 308 308 1 8
v 309 309 1 9
v 310 310 1 10
v 311 311 1 11
v 312 312 1 12
v 313 313 1 13
v 314 314 1 14
v 315 315 1 15
v 316 316 1 16
v 317 317 1 17
v 318 318 1 18
v 319 319 1 19
v 320 320 1 20
v 321 321 1 21
v 322 322 1 22
v 323 323 1 23
v 324 324 1 24
v 325 325 1 25
v 326 326 1 26
v 327 327 1 27
v 328 328 1 28
v 329 329 1 29
v 330 330 1 30
v 331 331 1 31
v 332 332 1 32
v 333 333 1 33
v 334 334 1 34
v 335 335 1 35
v 336 336 1 36
v 337 337 1 37
v 338 338 1 38
v 339 339 1 39
v 340 340 1 40
v 341 341 1 41
v 342 342 1 42
v 343 343 1 43
v 344 344 1 44
v 345 345 1 45
v 346 346 1 46
v 347 347 1 47
v 348 348 1 48
v 349 349 1 49
v 350 350 1 50
v 351 351 1 51
v 352 352 1 52
v 353 353 1 53
v 354 354 1 54
v 355 355 1 55
v 356 356 1 56
v 357 357 1 57
v 358 358 1 58
v 359 359 1 59
v 360 360 1 60
v 361 361 1 61
v 362 362 1 62
v 363 363 1 63
v 364 364 1 64
v 365 365 1 65
v 366 366 1 66
v 367 367 1 67
v 368 368 1 68
v 369 369 1 69
v 370 370 1 70
v 371 371 1 71
v 372 372 1 72
v 373 373 1 73
v 374 374 1 74
v 375 375 1 75
v 376 376 1 76
v 377 377 1 77
v 378 378 1 78
v 379 379 1 79
v 380 380 1 80
v 381 381 1 81
v 382 382 1 82
v 383 383 1 83
v 384 384 1 84
v 385 385 1 85
v 386 386 1 86
v 387 387 1 87
v 388 388 1 88
v 389 389 1 89
v 390 390 1 90
v 391 391 1 91
v 392 392 1 92
v 393 393 1 93
v 394 394 1 94
v 395 395 1 95
v 396 396 1 96
v 397 397 1 97
v 398 398 1 98
v 399 399 1 99
v 400 400 1 0
v 401 401 1 1
v 402 402 1 2
v 403 403 1 3
v 404 404 1 4
v 405 405 1 5
v 406 406 1 6
v 407 407 1 7
v 408 408 1 8
v 409 409 1 9
v 410 410 1 10
v 411 411 1 11
v 412 412 1 12
v 413 413 1 13
v 414 414 1 14
v 415 415 1 15
v 416 416 1 16
v 417 417 1 17
v 418 418 1 18
v 419 419 1 19
v 420 420 1 20
v 421 421 1 21
v 422 422 1 22
v 423 423 1 23
v 424 424 1 24
v 425 425 1 25
v 426 426 1 26
v 427 427 1 27
v 428 428 1 28
v 429 429 1 29
v 430 430 1 30
v 431 431 1 31
v 432 432 1 32
v 433 433 1 33
v 434 434 1 34
v 435 435 1 35
v 436 436 1 36
v 437 437 1 37
v 438 438 1 38
v 439 439 1 39
v 440 440 1 40
v 441 441 1 41
v 442 442 1 42
v 443 443 1 43
v 444 444 1 44
v 445 445 1 45
v 446 446 1 46
v 447 447 1 47
v 448 448 1 48
v 449 449 1 49
v 450 450 1 50
v 451 451 1 51
v 452 452 1 52
v 453 453 1 53
v 454 454 1 54
v 455 455 1 55
v 456 456 1 56
v 457 457 1 57
v 458 458 1 58
v 459 459 1 59
v 460 460 1 60
v 461 461 1 61
v 462 462 1 62
v 463 463 1 63
v 464 464 1 64
v 465 465 1 65
v 466 466 1 66
v 467 467 1 67
v 468 468 1 68
v 469 469 1 69
v 470 470 1 70
v 471 471 1 71
v 472 472 1 72
v 473 473 1 73
v 474 474 1 74
v 475 475 1 75
v 476 476 1 76
v 477 477 1 77
v 478 478 1 78
v 479 479 1 79
v 480 480 1 80
v 481 481 1 81
v 482 482 1 82
v 483 483 1 83
v 484 484 1 84
v 485 485 1 85
v 486 486 1 86
v 487 487 1 87
v 488 488 1 88
v 489 489 1 89
v 490 490 1 90
v 491 491 1 91
v 492 492 1 92
v 493 493 1 93
v 494 494 1 94
v 495 495 1 95
v 496 496 1 96
v 497 497 1 97
v 498 498 1 98
v 499 499 1 99
v 500 500 1 0
v 501 501 1 1
v 502 502 1 2
v 503 503 1 3
v 504 504 1 4
v 505 505 1 5
v 506 506 1 6
v 507 507 1 7
v 508 508 1 8
v 509 509 1 9
v 510 510 1 10
v 511 511 1 11
v 512 512 1 12
v 513 513 1 13
v 514 514 1 14
v 515 515 1 15
v 516 516 1 16
v 517 517 1 17
v 518 518 1 18
v 519 519 1 19
v 520 520 1 20
v 521 521 1 21
v 522 522 1 22
v 523 523 1 23
v 524 524 1 24
v 525 525 1 25
v 526 526 1 26
v 527 527 1 27
v 528 528 1 28
v 529 529 1 29
v 530 530 1 30
v 531 531 1 31
v 532 532 1 32
v 533 533 1 33
v 534 534 1 34
v 535 535 1 35
v 536 536 1 36
v 537 537 1 37
v 538 538 1 38
v 539 539 1 39
v 540 540 1 40
v 541 541 1 41
v 542 542 1 42
v 543 543 1 43
v 544 544 1 44
v 545 545 1 45
v 546 546 1 46
v 547 547 1 47
v 548 548 1 48
v 549 549 1 49
v 550 550 1 50
v 551 551 1 51
v 552 552 1 52
v 553 553 1 53
v 554 554 1 54
v 555 555 1 55
v 556 556 1 56
v 557 557 1 57
v 558 558 1 58
v 559 559 1 59
v 560 560 1 60
v 561 561 1 61
v 562 562 1 62
v 563 563 1 63
v 564 564 1 64
v 565 565 1 65
v 566 566 1 66
v 567 567 1 67
v 568 568 1 68
v 569 569 1 69
v 570 570 1 70
v 571 571 1 71
v 572 572 1 72
v 573 573 1 73
v 574 574 1 74
v 575 575 1 75
v 576 576 1 76
v 577 577 1 77
v 578 578 1 78
v 579 579 1 79
v 580 580 1 80
v 581 581 1 81
v 582 582 1 82
v 583 583 1 83
v 584 584 1 84
v 585 585 1 85
v 586 586 1 86
v 587 587 1 87
v 588 588 1 88
v 589 589 1 89
v 590 590 1 90
v 591 591 1 91
v 592 592 1 92
v 593 593 1 93
v 594 594 1 94
v 595 595 1 95
v 596 596 1 96
v 597 597 1 97
v 598 598 1 98
v 599 599 1 99

